0,532
0,530
28,4
34,4
34,1
34,3
29,1
29,3
28,5
28,1
28,3
27,1
27,3
35,5
35,1
35,3
25,5
24,1
24,3
25,1
25,3
14,5
0,529
0,528
36,35
33,4
33,5
33,3
3,2
3,1
3,3
10,146
10,312
10,34
10,8
10,238
10,124
10,154
10,1
10,216
10,2
10,3
11,21
11,30
11,28
11,26
11,4
11,10
11,12
11,1
11,23
11,2
11,3
9,7
9,4
9,1
9,6
9,2
9,3
8,12
8,13
8,9
8,17
8,7
8,1
8,4
8,2
8,3
0,318
12,2
12,1
12,3
20,2
20,1
20,3
19,2
19,1
19,3
18,1
18,3
14,1
14,4
33,95
33,94
33,93
33,92
33,91
33,90
33,89
33,88
33,87
33,86
33,85
33,84
33,83
33,82
33,81
33,80
14,3
13,1
33,79
33,78
33,77
33,76
33,75
33,74
33,73
33,72
33,71
33,70
33,69
33,68
13,3
33,67
33,66
33,65
33,64
33,37
33,36
33,35
33,34
33,33
33,32
33,31
33,30
33,29
33,28
33,27
33,26
33,25
33,24
33,23
33,22
